x: 44.992654126807
y: -30.73659469614546
z: 6.439293542825908e-15
ox: -3.872016766623412e-14
oy: 2.184087378662376e-14
oz: 0.7589414066651555
ow: 0.6511589216536278
