%YAML:1.0
---
x: 2.6431946494345135e+00
y: 5.1696030096264813e+00
z: 0.
rx: 0.
ry: 0.
rz: 1.1041776893225417e-02
rw: 9.9993903772332049e-01
